0 1 1518.28
1 0 1518.28
0 2 1695.91
2 0 1695.91
0 3 1781.61
3 0 1781.61
0 4 1438.99
4 0 1438.99
0 5 989.709
5 0 989.709
0 6 1002.19
6 0 1002.19
0 7 893.542
7 0 893.542
0 8 568.425
8 0 568.425
0 9 1647.27
9 0 1647.27
0 10 1480.03
10 0 1480.03
0 11 1098.2
11 0 1098.2
0 12 1120.03
12 0 1120.03
0 13 1374.55
13 0 1374.55
0 14 1304.02
14 0 1304.02
0 15 1760.35
15 0 1760.35
0 16 438.491
16 0 438.491
0 17 888.507
17 0 888.507
0 18 958.352
18 0 958.352
0 19 845.083
19 0 845.083
0 20 374.249
20 0 374.249
0 21 408.24
21 0 408.24
0 22 481.282
22 0 481.282
0 23 1710.09
23 0 1710.09
0 24 360.439
24 0 360.439
0 25 624.364
25 0 624.364
0 26 711.607
26 0 711.607
0 27 1476.85
27 0 1476.85
0 28 1152.59
28 0 1152.59
0 29 1390.72
29 0 1390.72
0 30 1555.79
30 0 1555.79
0 31 1310.76
31 0 1310.76
0 32 1185.99
32 0 1185.99
0 33 1473.55
33 0 1473.55
0 34 1103.63
34 0 1103.63
0 35 1394.46
35 0 1394.46
0 36 1541.69
36 0 1541.69
0 37 991.53
37 0 991.53
0 38 877.411
38 0 877.411
0 39 1664.5
39 0 1664.5
0 40 401.949
40 0 401.949
0 41 1289.14
41 0 1289.14
0 42 409.945
42 0 409.945
0 43 1575.87
43 0 1575.87
0 44 1765.98
44 0 1765.98
0 45 1641.76
45 0 1641.76
0 46 300.62
46 0 300.62
0 47 567.058
47 0 567.058
0 48 992.254
48 0 992.254
0 49 878.324
49 0 878.324
0 50 746.213
50 0 746.213
0 51 800.808
51 0 800.808
0 52 169.219
52 0 169.219
0 53 324.196
53 0 324.196
0 54 334.145
54 0 334.145
0 55 491.323
55 0 491.323
0 56 739.137
56 0 739.137
0 57 1441.93
57 0 1441.93
0 58 1408.88
58 0 1408.88
0 59 1217.76
59 0 1217.76
0 60 1797.24
60 0 1797.24
0 61 496.92
61 0 496.92
0 62 450.498
62 0 450.498
0 63 787.981
63 0 787.981
0 64 1579.65
64 0 1579.65
0 65 2057.74
65 0 2057.74
0 66 2041.55
66 0 2041.55
0 67 1896.47
67 0 1896.47
0 68 1890.97
68 0 1890.97
0 69 1423.19
69 0 1423.19
0 70 166.199
70 0 166.199
0 71 136.845
71 0 136.845
0 72 1424.76
72 0 1424.76
0 73 522.741
73 0 522.741
0 74 549.522
74 0 549.522
0 75 598.62
75 0 598.62
0 76 1041.83
76 0 1041.83
0 77 1122.3
77 0 1122.3
0 78 1135.51
78 0 1135.51
0 79 2209
79 0 2209
0 80 1937.61
80 0 1937.61
0 81 1748.88
81 0 1748.88
0 82 1738.13
82 0 1738.13
0 83 372.365
83 0 372.365
0 84 1335.91
84 0 1335.91
0 85 2004.07
85 0 2004.07
0 86 614.364
86 0 614.364
0 87 807.762
87 0 807.762
0 88 1477.73
88 0 1477.73
0 89 1069.84
89 0 1069.84
0 90 1594.04
90 0 1594.04
0 91 572.445
91 0 572.445
0 92 391.915
92 0 391.915
0 93 1248.6
93 0 1248.6
0 94 506.56
94 0 506.56
0 95 251.584
95 0 251.584
0 96 412.811
96 0 412.811
0 97 898.746
97 0 898.746
0 98 509.275
98 0 509.275
0 99 914.571
99 0 914.571
0 100 1234.37
100 0 1234.37
0 101 1477.68
101 0 1477.68
0 102 1054.02
102 0 1054.02
0 103 1768.96
103 0 1768.96
0 104 463.422
104 0 463.422
0 105 1217.98
105 0 1217.98
0 106 871.455
106 0 871.455
0 107 212.865
107 0 212.865
0 108 794.284
108 0 794.284
0 109 648.447
109 0 648.447
0 110 1208.23
110 0 1208.23
0 111 1236.96
111 0 1236.96
0 112 1291.36
112 0 1291.36
0 113 875.816
113 0 875.816
0 114 415.417
114 0 415.417
0 115 1880.17
115 0 1880.17
0 116 1654.49
116 0 1654.49
0 117 1214.16
117 0 1214.16
0 118 83.0441
118 0 83.0441
0 119 183.767
119 0 183.767
0 120 1264.28
120 0 1264.28
0 121 106.73
121 0 106.73
0 122 339.307
122 0 339.307
0 123 1462.73
123 0 1462.73
0 124 451.918
124 0 451.918
0 125 221.552
125 0 221.552
0 126 678.905
126 0 678.905
1 2 270.73
2 1 270.73
1 3 569.604
3 1 569.604
1 4 380.538
4 1 380.538
1 5 643.574
5 1 643.574
1 6 917.807
6 1 917.807
1 7 980.468
7 1 980.468
1 8 921.987
8 1 921.987
1 9 166.303
9 1 166.303
1 10 110.256
10 1 110.256
1 11 360.521
11 1 360.521
1 12 395.466
12 1 395.466
1 13 149.393
13 1 149.393
1 14 255.802
14 1 255.802
1 15 217.389
15 1 217.389
1 16 1007.88
16 1 1007.88
1 17 568.92
17 1 568.92
1 18 509.347
18 1 509.347
1 19 619.017
19 1 619.017
1 20 1560.38
20 1 1560.38
1 21 1415.68
21 1 1415.68
1 22 1263.43
22 1 1263.43
1 23 231.417
23 1 231.417
1 24 1209.31
24 1 1209.31
1 25 929.823
25 1 929.823
1 26 758.558
26 1 758.558
1 27 177.21
27 1 177.21
1 28 340.955
28 1 340.955
1 29 310.439
29 1 310.439
1 30 367.001
30 1 367.001
1 31 469.933
31 1 469.933
1 32 713.785
32 1 713.785
1 33 580.412
33 1 580.412
1 34 469.884
34 1 469.884
1 35 514.727
35 1 514.727
1 36 640.106
36 1 640.106
1 37 724.79
37 1 724.79
1 38 664.415
38 1 664.415
1 39 612.091
39 1 612.091
1 40 1076.59
40 1 1076.59
1 41 273.108
41 1 273.108
1 42 1076.25
42 1 1076.25
1 43 215.031
43 1 215.031
1 44 372.961
44 1 372.961
1 45 426.111
45 1 426.111
1 46 1179.56
46 1 1179.56
1 47 967.042
47 1 967.042
1 48 1305.81
48 1 1305.81
1 49 1062.26
49 1 1062.26
1 50 1137.59
50 1 1137.59
1 51 1293.05
51 1 1293.05
1 52 1452.8
52 1 1452.8
1 53 1314.85
53 1 1314.85
1 54 1237.73
54 1 1237.73
1 55 1971.87
55 1 1971.87
1 56 705.585
56 1 705.585
1 57 509.842
57 1 509.842
1 58 607.499
58 1 607.499
1 59 287.268
59 1 287.268
1 60 309.02
60 1 309.02
1 61 1527.06
61 1 1527.06
1 62 1326.77
62 1 1326.77
1 63 1265.89
63 1 1265.89
1 64 352.309
64 1 352.309
1 65 448.829
65 1 448.829
1 66 430.296
66 1 430.296
1 67 316.032
67 1 316.032
1 68 316.903
68 1 316.903
1 69 234.943
69 1 234.943
1 70 1327.53
70 1 1327.53
1 71 1518.16
71 1 1518.16
1 72 196.15
72 1 196.15
1 73 1713.14
73 1 1713.14
1 74 1036.1
74 1 1036.1
1 75 1138.95
75 1 1138.95
1 76 591.8
76 1 591.8
1 77 534.681
77 1 534.681
1 78 741.843
78 1 741.843
1 79 998.266
79 1 998.266
1 80 715.877
80 1 715.877
1 81 381.071
81 1 381.071
1 82 221.486
82 1 221.486
1 83 1336.41
83 1 1336.41
1 84 189.926
84 1 189.926
1 85 653.189
85 1 653.189
1 86 1215.64
86 1 1215.64
1 87 831.73
87 1 831.73
1 88 486.385
88 1 486.385
1 89 892.866
89 1 892.866
1 90 272.026
90 1 272.026
1 91 1196.05
91 1 1196.05
1 92 1435.13
92 1 1435.13
1 93 246.185
93 1 246.185
1 94 938.721
94 1 938.721
1 95 1536.31
95 1 1536.31
1 96 1735.23
96 1 1735.23
1 97 1111.08
97 1 1111.08
1 98 1103.08
98 1 1103.08
1 99 609.857
99 1 609.857
1 100 424.268
100 1 424.268
1 101 97.5338
101 1 97.5338
1 102 483.536
102 1 483.536
1 103 437.546
103 1 437.546
1 104 1605.79
104 1 1605.79
1 105 449.408
105 1 449.408
1 106 1174.51
106 1 1174.51
1 107 1668.8
107 1 1668.8
1 108 786.792
108 1 786.792
1 109 1344.81
109 1 1344.81
1 110 510.338
110 1 510.338
1 111 650.489
111 1 650.489
1 112 808.1
112 1 808.1
1 113 882.319
113 1 882.319
1 114 1255.73
114 1 1255.73
1 115 326.385
115 1 326.385
1 116 126.229
116 1 126.229
1 117 321.563
117 1 321.563
1 118 1498.75
118 1 1498.75
1 119 1330.68
119 1 1330.68
1 120 1044.05
120 1 1044.05
1 121 1604.24
121 1 1604.24
1 122 1176.92
122 1 1176.92
1 123 388.721
123 1 388.721
1 124 1172.92
124 1 1172.92
1 125 1346.75
125 1 1346.75
1 126 1012.29
126 1 1012.29
2 3 318.849
3 2 318.849
2 4 656.513
4 2 656.513
2 5 704.582
5 2 704.582
2 6 904.111
6 2 904.111
2 7 992.577
7 2 992.577
2 8 1168.73
8 2 1168.73
2 9 135.328
9 2 135.328
2 10 227.162
10 2 227.162
2 11 560.133
11 2 560.133
2 12 526.131
12 2 526.131
2 13 393.155
13 2 393.155
2 14 493.963
14 2 493.963
2 15 313.881
15 2 313.881
2 16 1196.29
16 2 1196.29
2 17 807.051
17 2 807.051
2 18 676.265
18 2 676.265
2 19 783.148
19 2 783.148
2 20 1652.45
20 2 1652.45
2 21 1503.71
21 2 1503.71
2 22 1346.31
22 2 1346.31
2 23 429.787
23 2 429.787
2 24 1336.32
24 2 1336.32
2 25 1040.31
25 2 1040.31
2 26 1007.55
26 2 1007.55
2 27 426.859
27 2 426.859
2 28 580.238
28 2 580.238
2 29 298.152
29 2 298.152
2 30 221.752
30 2 221.752
2 31 434.793
31 2 434.793
2 32 673.635
32 2 673.635
2 33 452.38
33 2 452.38
2 34 554.044
34 2 554.044
2 35 422.388
35 2 422.388
2 36 484.991
36 2 484.991
2 37 752.298
37 2 752.298
2 38 765.542
38 2 765.542
2 39 397.058
39 2 397.058
2 40 1304.11
40 2 1304.11
2 41 359.97
41 2 359.97
2 42 1229.65
42 2 1229.65
2 43 469.688
43 2 469.688
2 44 615.073
44 2 615.073
2 45 214.309
45 2 214.309
2 46 1358.97
46 2 1358.97
2 47 1094.18
47 2 1094.18
2 48 1784.36
48 2 1784.36
2 49 1479.18
49 2 1479.18
2 50 1523.16
50 2 1523.16
2 51 1707.38
51 2 1707.38
2 52 1668.12
52 2 1668.12
2 53 1574.53
53 2 1574.53
2 54 1482.32
54 2 1482.32
2 55 2066.23
55 2 2066.23
2 56 902.788
56 2 902.788
2 57 768.48
57 2 768.48
2 58 496.068
58 2 496.068
2 59 448.373
59 2 448.373
2 60 501.644
60 2 501.644
2 61 1592.09
61 2 1592.09
2 62 1411.03
62 2 1411.03
2 63 1275.25
63 2 1275.25
2 64 614.349
64 2 614.349
2 65 503.413
65 2 503.413
2 66 447.9
66 2 447.9
2 67 286.227
67 2 286.227
2 68 394.296
68 2 394.296
2 69 486.6
69 2 486.6
2 70 1499.15
70 2 1499.15
2 71 1663.25
71 2 1663.25
2 72 238.22
72 2 238.22
2 73 1770.68
73 2 1770.68
2 74 1326.7
74 2 1326.7
2 75 1208.97
75 2 1208.97
2 76 865.946
76 2 865.946
2 77 574.821
77 2 574.821
2 78 712.081
78 2 712.081
2 79 726.958
79 2 726.958
2 80 469.69
80 2 469.69
2 81 114.59
81 2 114.59
2 82 138.863
82 2 138.863
2 83 1438.11
83 2 1438.11
2 84 352.332
84 2 352.332
2 85 381.895
85 2 381.895
2 86 1271.24
86 2 1271.24
2 87 901.439
87 2 901.439
2 88 345.508
88 2 345.508
2 89 862.086
89 2 862.086
2 90 113.575
90 2 113.575
2 91 1531.08
91 2 1531.08
2 92 1718.88
92 2 1718.88
2 93 472.589
93 2 472.589
2 94 1152.15
94 2 1152.15
2 95 1776.42
95 2 1776.42
2 96 1821.27
96 2 1821.27
2 97 1107
97 2 1107
2 98 1206.42
98 2 1206.42
2 99 727.13
99 2 727.13
2 100 670.54
100 2 670.54
2 101 348.824
101 2 348.824
2 102 741.12
102 2 741.12
2 103 703.49
103 2 703.49
2 104 1675.1
104 2 1675.1
2 105 475.998
105 2 475.998
2 106 1168.38
106 2 1168.38
2 107 1804.95
107 2 1804.95
2 108 875.763
108 2 875.763
2 109 1712.65
109 2 1712.65
2 110 515.385
110 2 515.385
2 111 597.991
111 2 597.991
2 112 715.399
112 2 715.399
2 113 915.029
113 2 915.029
2 114 1535.53
114 2 1535.53
2 115 450.717
115 2 450.717
2 116 248.125
116 2 248.125
2 117 568.358
117 2 568.358
2 118 1692.54
118 2 1692.54
2 119 1535.05
119 2 1535.05
2 120 1479.98
120 2 1479.98
2 121 1762.23
121 2 1762.23
2 122 1322.5
122 2 1322.5
2 123 284.493
123 2 284.493
2 124 1278.72
124 2 1278.72
2 125 1491.23
125 2 1491.23
2 126 1082.04
126 2 1082.04
3 4 970.241
4 3 970.241
3 5 723.308
5 3 723.308
3 6 823.368
6 3 823.368
3 7 915.073
7 3 915.073
3 8 1370.32
8 3 1370.32
3 9 453.325
9 3 453.325
3 10 467.233
10 3 467.233
3 11 751.69
11 3 751.69
3 12 649.535
12 3 649.535
3 13 658.879
13 3 658.879
3 14 756.761
14 3 756.761
3 15 636.122
15 3 636.122
3 16 1324.8
16 3 1324.8
3 17 1020.94
17 3 1020.94
3 18 813.137
18 3 813.137
3 19 904.126
19 3 904.126
3 20 1639.3
20 3 1639.3
3 21 1477.16
21 3 1477.16
3 22 1338.06
22 3 1338.06
3 23 777.647
23 3 777.647
3 24 1379.62
24 3 1379.62
3 25 1085.73
25 3 1085.73
3 26 1208.97
26 3 1208.97
3 27 734.774
27 3 734.774
3 28 783.025
28 3 783.025
3 29 410.737
29 3 410.737
3 30 243.781
30 3 243.781
3 31 422.53
31 3 422.53
3 32 581.717
32 3 581.717
3 33 297.863
33 3 297.863
3 34 633.073
34 3 633.073
3 35 351.83
35 3 351.83
3 36 289.495
36 3 289.495
3 37 739.988
37 3 739.988
3 38 831.715
38 3 831.715
3 39 143.923
39 3 143.923
3 40 1475.27
40 3 1475.27
3 41 507.203
41 3 507.203
3 42 1311.17
42 3 1311.17
3 43 779.836
43 3 779.836
3 44 972.154
44 3 972.154
3 45 153.74
45 3 153.74
3 46 1454.71
46 3 1454.71
3 47 1142.06
47 3 1142.06
3 48 2216.85
48 3 2216.85
3 49 1844.84
49 3 1844.84
3 50 1863.54
50 3 1863.54
3 51 2072.27
51 3 2072.27
3 52 1802.14
52 3 1802.14
3 53 1768.68
53 3 1768.68
3 54 1663.07
54 3 1663.07
3 55 2022.58
55 3 2022.58
3 56 1065.08
56 3 1065.08
3 57 1086.97
57 3 1086.97
3 58 380.711
58 3 380.711
3 59 607.423
59 3 607.423
3 60 844.628
60 3 844.628
3 61 1551.57
61 3 1551.57
3 62 1400.29
62 3 1400.29
3 63 1171.3
63 3 1171.3
3 64 958.336
64 3 958.336
3 65 821.297
65 3 821.297
3 66 750.101
66 3 750.101
3 67 572.963
67 3 572.963
3 68 727.587
68 3 727.587
3 69 784.823
69 3 784.823
3 70 1587.34
70 3 1587.34
3 71 1710.65
71 3 1710.65
3 72 442.692
72 3 442.692
3 73 1714.13
73 3 1714.13
3 74 1571.87
74 3 1571.87
3 75 1194.56
75 3 1194.56
3 76 1128.22
76 3 1128.22
3 77 599.121
77 3 599.121
3 78 639.953
78 3 639.953
3 79 456.218
79 3 456.218
3 80 182.053
80 3 182.053
3 81 207.7
81 3 207.7
3 82 453.235
82 3 453.235
3 83 1446.11
83 3 1446.11
3 84 544.559
84 3 544.559
3 85 227.922
85 3 227.922
3 86 1236.64
86 3 1236.64
3 87 913.688
87 3 913.688
3 88 277.47
88 3 277.47
3 89 766.557
89 3 766.557
3 90 316.312
90 3 316.312
3 91 1816.16
91 3 1816.16
3 92 1933.85
92 3 1933.85
3 93 700.531
93 3 700.531
3 94 1314.71
94 3 1314.71
3 95 1935.32
95 3 1935.32
3 96 1794.1
96 3 1794.1
3 97 1019.59
97 3 1019.59
3 98 1230.18
98 3 1230.18
3 99 820.324
99 3 820.324
3 100 932.408
100 3 932.408
3 101 645.836
101 3 645.836
3 102 970.253
102 3 970.253
3 103 1074.63
103 3 1074.63
3 104 1635.31
104 3 1635.31
3 105 514.677
105 3 514.677
3 106 1073.37
106 3 1073.37
3 107 1821.64
107 3 1821.64
3 108 914.277
108 3 914.277
3 109 2016.38
109 3 2016.38
3 110 538.934
110 3 538.934
3 111 524.584
111 3 524.584
3 112 567.233
112 3 567.233
3 113 884.92
113 3 884.92
3 114 1756.26
114 3 1756.26
3 115 780.564
115 3 780.564
3 116 572.642
116 3 572.642
3 117 811.167
117 3 811.167
3 118 1798.34
118 3 1798.34
3 119 1662.55
119 3 1662.55
3 120 2037.02
120 3 2037.02
3 121 1820.43
121 3 1820.43
3 122 1388.27
122 3 1388.27
3 123 309.528
123 3 309.528
3 124 1300.77
124 3 1300.77
3 125 1534.25
125 3 1534.25
3 126 1076.64
126 3 1076.64
4 5 809.722
5 4 809.722
4 6 1173.9
6 4 1173.9
4 7 1177.41
7 4 1177.41
4 8 723.013
8 4 723.013
4 9 520.533
9 4 520.533
4 10 482.691
10 4 482.691
4 11 382.537
11 4 382.537
4 12 533.675
12 4 533.675
4 13 293.043
13 4 293.043
4 14 201.57
14 4 201.57
4 15 456.75
15 4 456.75
4 16 916.379
16 4 916.379
4 17 404.734
17 4 404.734
4 18 528.567
18 4 528.567
4 19 610.881
19 4 610.881
4 20 1614.75
20 4 1614.75
4 21 1479.73
21 4 1479.73
4 22 1360.9
22 4 1360.9
4 23 326.782
23 4 326.782
4 24 1228.27
24 4 1228.27
4 25 995.855
25 4 995.855
4 26 553.864
26 4 553.864
4 27 223.587
27 4 223.587
4 28 280.909
28 4 280.909
4 29 645.728
29 4 645.728
4 30 746.639
30 4 746.639
4 31 768.598
31 4 768.598
4 32 985.942
32 4 985.942
4 33 945.04
33 4 945.04
4 34 645.704
34 4 645.704
4 35 853.764
35 4 853.764
4 36 1017.85
36 4 1017.85
4 37 944.168
37 4 944.168
4 38 780.087
38 4 780.087
4 39 986.594
39 4 986.594
4 40 900.507
40 4 900.507
4 41 540.955
41 4 540.955
4 42 1049.55
42 4 1049.55
4 43 242.606
43 4 242.606
4 44 253.848
44 4 253.848
4 45 818.116
45 4 818.116
4 46 1086.96
46 4 1086.96
4 47 982.504
47 4 982.504
4 48 622.838
48 4 622.838
4 49 505.745
49 4 505.745
4 50 682.263
50 4 682.263
4 51 789.593
51 4 789.593
4 52 1306.61
52 4 1306.61
4 53 1091.51
53 4 1091.51
4 54 1039.86
54 4 1039.86
4 55 2018.51
55 4 2018.51
4 56 611.077
56 4 611.077
4 57 127.429
57 4 127.429
4 58 945.357
58 4 945.357
4 59 449.32
59 4 449.32
4 60 358.858
60 4 358.858
4 61 1647.86
61 4 1647.86
4 62 1419.75
62 4 1419.75
4 63 1454.33
63 4 1454.33
4 64 120.394
64 4 120.394
4 65 600.289
65 4 600.289
4 66 624.155
66 4 624.155
4 67 587.171
67 4 587.171
4 68 492.958
68 4 492.958
4 69 151.536
69 4 151.536
4 70 1259.84
70 4 1259.84
4 71 1497.68
71 4 1497.68
4 72 541.104
72 4 541.104
4 73 1843.12
73 4 1843.12
4 74 759.479
74 4 759.479
4 75 1263.47
75 4 1263.47
4 76 248.699
76 4 248.699
4 77 747.509
77 4 747.509
4 78 1025.89
78 4 1025.89
4 79 1403.94
79 4 1403.94
4 80 1119.74
80 4 1119.74
4 81 772.553
81 4 772.553
4 82 570.178
82 4 570.178
4 83 1398.17
83 4 1398.17
4 84 434.742
84 4 434.742
4 85 1023.41
85 4 1023.41
4 86 1360.69
86 4 1360.69
4 87 977.688
87 4 977.688
4 88 851.036
88 4 851.036
4 89 1169.82
89 4 1169.82
4 90 637.678
90 4 637.678
4 91 842.079
91 4 842.079
4 92 1171.55
92 4 1171.55
4 93 306.087
93 4 306.087
4 94 801.837
94 4 801.837
4 95 1348.07
95 4 1348.07
4 96 1817.41
96 4 1817.41
4 97 1322.15
97 4 1322.15
4 98 1170.77
98 4 1170.77
4 99 693.475
99 4 693.475
4 100 118.994
100 4 118.994
4 101 301.462
101 4 301.462
4 102 242.845
102 4 242.845
4 103 210.022
103 4 210.022
4 104 1718.06
104 4 1718.06
4 105 701.56
105 4 701.56
4 106 1411.36
106 4 1411.36
4 107 1646.76
107 4 1646.76
4 108 906.361
108 4 906.361
4 109 927.947
109 4 927.947
4 110 783.774
110 4 783.774
4 111 962.851
111 4 962.851
4 112 1138.26
112 4 1138.26
4 113 1080.13
113 4 1080.13
4 114 997.868
114 4 997.868
4 115 442.575
115 4 442.575
4 116 452.287
116 4 452.287
4 117 203.291
117 4 203.291
4 118 1390.62
118 4 1390.62
4 119 1203.46
119 4 1203.46
4 120 390.252
120 4 390.252
4 121 1560.2
121 4 1560.2
4 122 1161.43
122 4 1161.43
4 123 743.14
123 4 743.14
4 124 1232.86
124 4 1232.86
4 125 1313.5
125 4 1313.5
4 126 1143.97
126 4 1143.97
5 6 306.06
6 5 306.06
5 7 330.219
7 5 330.219
5 8 624.55
8 5 624.55
5 9 701.279
9 5 701.279
5 10 561.494
10 5 561.494
5 11 367.076
11 5 367.076
5 12 250.883
12 5 250.883
5 13 554.432
13 5 554.432
5 14 569.665
14 5 569.665
5 15 858.641
15 5 858.641
5 16 566.742
16 5 566.742
5 17 448.833
17 5 448.833
5 18 260.336
18 5 260.336
5 19 256.853
19 5 256.853
5 20 926.848
20 5 926.848
5 21 786.018
21 5 786.018
5 22 635.678
22 5 635.678
5 23 866.052
23 5 866.052
5 24 636.205
24 5 636.205
5 25 353.064
25 5 353.064
5 26 528.19
26 5 528.19
5 27 707.099
27 5 707.099
5 28 461.602
28 5 461.602
5 29 403.23
29 5 403.23
5 30 529.403
30 5 529.403
5 31 298.83
31 5 298.83
5 32 243.022
32 5 243.022
5 33 447.832
33 5 447.832
5 34 183.404
34 5 183.404
5 35 388.263
35 5 388.263
5 36 519.696
36 5 519.696
5 37 116.686
37 5 116.686
5 38 114.554
38 5 114.554
5 39 636.937
39 5 636.937
5 40 699.385
40 5 699.385
5 41 367.984
41 5 367.984
5 42 555.351
42 5 555.351
5 43 797.848
43 5 797.848
5 44 995.009
44 5 995.009
5 45 615.143
45 5 615.143
5 46 680.708
46 5 680.708
5 47 416.8
47 5 416.8
5 48 1322.49
48 5 1322.49
5 49 1053.54
49 5 1053.54
5 50 1039.65
50 5 1039.65
5 51 1197.02
51 5 1197.02
5 52 987.706
52 5 987.706
5 53 942.293
53 5 942.293
5 54 853.3
54 5 853.3
5 55 1318.22
55 5 1318.22
5 56 389.182
56 5 389.182
5 57 894.135
57 5 894.135
5 58 396.336
58 5 396.336
5 59 372.395
59 5 372.395
5 60 957.552
60 5 957.552
5 61 873.317
61 5 873.317
5 62 697.21
62 5 697.21
5 63 607.072
63 5 607.072
5 64 891.735
64 5 891.735
5 65 1128.69
65 5 1128.69
5 66 1079.09
66 5 1079.09
5 67 926.702
67 5 926.702
5 68 967.976
68 5 967.976
5 69 686.504
69 5 686.504
5 70 809.32
70 5 809.32
5 71 945.061
71 5 945.061
5 72 483.709
72 5 483.709
5 73 1045.98
73 5 1045.98
5 74 792.488
74 5 792.488
5 75 505.24
75 5 505.24
5 76 667.437
76 5 667.437
5 77 129.555
77 5 129.555
5 78 225.222
78 5 225.222
5 79 1136.71
79 5 1136.71
5 80 884.192
80 5 884.192
5 81 712.094
81 5 712.094
5 82 781.372
82 5 781.372
5 83 724.107
83 5 724.107
5 84 441.859
84 5 441.859
5 85 925.44
85 5 925.44
5 86 569.287
86 5 569.287
5 87 207.746
87 5 207.746
5 88 463.056
88 5 463.056
5 89 322.898
89 5 322.898
5 90 590.978
90 5 590.978
5 91 983.928
91 5 983.928
5 92 1078.82
92 5 1078.82
5 93 466.388
93 5 466.388
5 94 565.538
94 5 565.538
5 95 1097.09
95 5 1097.09
5 96 1087.14
96 5 1087.14
5 97 469.712
97 5 469.712
5 98 504.875
98 5 504.875
5 99 134.638
99 5 134.638
5 100 662.498
100 5 662.498
5 101 636.231
101 5 636.231
5 102 547.298
102 5 547.298
5 103 1053.09
103 5 1053.09
5 104 951.304
104 5 951.304
5 105 227.165
105 5 227.165
5 106 530.507
106 5 530.507
5 107 1075.64
107 5 1075.64
5 108 188.458
108 5 188.458
5 109 1156.47
109 5 1156.47
5 110 205.506
110 5 205.506
5 111 257.573
111 5 257.573
5 112 389.848
112 5 389.848
5 113 245.212
113 5 245.212
5 114 929.221
114 5 929.221
5 115 986.086
115 5 986.086
5 116 749.865
116 5 749.865
5 117 539.647
117 5 539.647
5 118 995.243
118 5 995.243
5 119 864.599
119 5 864.599
5 120 1631.95
120 5 1631.95
5 121 1039.85
121 5 1039.85
5 122 632.239
122 5 632.239
5 123 456.008
123 5 456.008
5 124 574.215
124 5 574.215
5 125 773.561
125 5 773.561
5 126 382.882
126 5 382.882
6 7 122.376
7 6 122.376
6 8 845.939
8 6 845.939
6 9 938.929
9 6 938.929
6 10 834.218
10 6 834.218
6 11 679.034
11 6 679.034
6 12 547.891
12 6 547.891
6 13 867.291
13 6 867.291
6 14 895.019
14 6 895.019
6 15 1154.67
15 6 1154.67
6 16 687.957
16 6 687.957
6 17 728.162
17 6 728.162
6 18 558.791
18 6 558.791
6 19 520.279
19 6 520.279
6 20 810.077
20 6 810.077
6 21 674.944
21 6 674.944
6 22 528.783
22 6 528.783
6 23 1197.72
23 6 1197.72
6 24 615.235
24 6 615.235
6 25 394.479
25 6 394.479
6 26 769.232
26 6 769.232
6 27 1017.88
27 6 1017.88
6 28 778.011
28 6 778.011
6 29 635.223
29 6 635.223
6 30 705.443
30 6 705.443
6 31 481.051
31 6 481.051
6 32 249.269
32 6 249.269
6 33 525.051
33 6 525.051
6 34 469.593
34 6 469.593
6 35 502.283
35 6 502.283
6 36 560.135
36 6 560.135
6 37 210.732
37 6 210.732
6 38 353.539
38 6 353.539
6 39 686.371
39 6 686.371
6 40 850.454
40 6 850.454
6 41 645.034
41 6 645.034
6 42 627.642
42 6 627.642
6 43 1140.37
43 6 1140.37
6 44 1374.08
44 6 1374.08
6 45 768.612
45 6 768.612
6 46 768.302
46 6 768.302
6 47 475.787
47 6 475.787
6 48 1675.16
48 6 1675.16
6 49 1384.65
49 6 1384.65
6 50 1323.99
50 6 1323.99
6 51 1496.16
51 6 1496.16
6 52 1060.56
52 6 1060.56
6 53 1088.38
53 6 1088.38
6 54 1013.34
54 6 1013.34
6 55 1191.12
55 6 1191.12
6 56 614.632
56 6 614.632
6 57 1269.25
57 6 1269.25
6 58 463.5
58 6 463.5
6 59 652.731
59 6 652.731
6 60 1303.38
60 6 1303.38
6 61 717.616
61 6 717.616
6 62 583.494
62 6 583.494
6 63 367.487
63 6 367.487
6 64 1245.55
64 6 1245.55
6 65 1414.89
65 6 1414.89
6 66 1364.43
66 6 1364.43
6 67 1191
67 6 1191
6 68 1268.66
68 6 1268.66
6 69 1025.23
69 6 1025.23
6 70 836.591
70 6 836.591
6 71 908.528
71 6 908.528
6 72 744.207
72 6 744.207
6 73 873.972
73 6 873.972
6 74 1010.02
74 6 1010.02
6 75 391.43
75 6 391.43
6 76 939.31
76 6 939.31
6 77 389.65
77 6 389.65
6 78 210.437
78 6 210.437
6 79 1137.79
79 6 1137.79
6 80 942.859
80 6 942.859
6 81 890.041
81 6 890.041
6 82 1015.2
82 6 1015.2
6 83 640.615
83 6 640.615
6 84 731.035
84 6 731.035
6 85 1029.87
85 6 1029.87
6 86 435.17
86 6 435.17
6 87 258.159
87 6 258.159
6 88 577.748
88 6 577.748
6 89 63.5177
89 6 63.5177
6 90 806.633
90 6 806.633
6 91 1221.17
91 6 1221.17
6 92 1257.32
92 6 1257.32
6 93 775.242
93 6 775.242
6 94 730.894
94 6 730.894
6 95 1192.48
95 6 1192.48
6 96 953.174
96 6 953.174
6 97 199.364
97 6 199.364
6 98 465.75
98 6 465.75
6 99 415.602
99 6 415.602
6 100 992.037
100 6 992.037
6 101 947.949
101 6 947.949
6 102 849.006
102 6 849.006
6 103 1433.52
103 6 1433.52
6 104 797.815
104 6 797.815
6 105 466.05
105 6 466.05
6 106 257.202
106 6 257.202
6 107 1018.06
107 6 1018.06
6 108 304.809
108 6 304.809
6 109 1412.69
109 6 1412.69
6 110 413.843
110 6 413.843
6 111 327.229
111 6 327.229
6 112 299.442
112 6 299.442
6 113 146.637
113 6 146.637
6 114 1105.37
114 6 1105.37
6 115 1306.86
115 6 1306.86
6 116 1036.27
116 6 1036.27
6 117 869.606
117 6 869.606
6 118 1032.63
118 6 1032.63
6 119 938.973
119 6 938.973
6 120 2071.18
120 6 2071.18
6 121 1033.68
121 6 1033.68
6 122 665.628
122 6 665.628
6 123 635.975
123 6 635.975
6 124 524.329
124 6 524.329
6 125 777.783
125 6 777.783
6 126 322.352
126 6 322.352
7 8 743.384
8 7 743.384
7 9 1016.35
9 7 1016.35
7 10 881.728
10 7 881.728
7 11 696.527
11 7 696.527
7 12 575.91
12 7 575.91
7 13 893.612
13 7 893.612
7 14 909.079
14 7 909.079
7 15 1201
15 7 1201
7 16 600.002
16 7 600.002
7 17 705.205
17 7 705.205
7 18 538.388
18 7 538.388
7 19 497.306
19 7 497.306
7 20 709.253
20 7 709.253
7 21 573.062
21 7 573.062
7 22 426.381
22 7 426.381
7 23 1230.15
23 7 1230.15
7 24 512.186
24 7 512.186
7 25 307.145
25 7 307.145
7 26 712.486
26 7 712.486
7 27 1064.15
27 7 1064.15
7 28 795.438
28 7 795.438
7 29 693.121
29 7 693.121
7 30 780.749
30 7 780.749
7 31 547.756
31 7 547.756
7 32 331.842
32 7 331.842
7 33 615.017
33 7 615.017
7 34 506.384
34 7 506.384
7 35 581.901
35 7 581.901
7 36 655.534
36 7 655.534
7 37 243.327
37 7 243.327
7 38 341.457
38 7 341.457
7 39 799.926
39 7 799.926
7 40 758.237
40 7 758.237
7 41 685.769
41 7 685.769
7 42 510.127
42 7 510.127
7 43 1164.19
43 7 1164.19
7 44 1392.74
44 7 1392.74
7 45 849.916
45 7 849.916
7 46 647.922
46 7 647.922
7 47 390.041
47 7 390.041
7 48 1570.78
48 7 1570.78
7 49 1297.64
49 7 1297.64
7 50 1229.25
50 7 1229.25
7 51 1392.37
51 7 1392.37
7 52 952.01
52 7 952.01
7 53 983.957
53 7 983.957
7 54 891.318
54 7 891.318
7 55 1091.58
55 7 1091.58
7 56 567.752
56 7 567.752
7 57 1264.48
57 7 1264.48
7 58 552.66
58 7 552.66
7 59 678.887
59 7 678.887
7 60 1334.11
60 7 1334.11
7 61 622.507
61 7 622.507
7 62 481.987
62 7 481.987
7 63 296.243
63 7 296.243
7 64 1279.33
64 7 1279.33
7 65 1465.44
65 7 1465.44
7 66 1419.49
66 7 1419.49
7 67 1249.4
67 7 1249.4
7 68 1316.11
68 7 1316.11
7 69 1041.15
69 7 1041.15
7 70 731.508
70 7 731.508
7 71 801.815
71 7 801.815
7 72 794.704
72 7 794.704
7 73 782.957
73 7 782.957
7 74 921.692
74 7 921.692
7 75 289.134
75 7 289.134
7 76 922.331
76 7 922.331
7 77 424.29
77 7 424.29
7 78 292.534
78 7 292.534
7 79 1240.98
79 7 1240.98
7 80 1040.51
80 7 1040.51
7 81 968.062
81 7 968.062
7 82 1074.87
82 7 1074.87
7 83 537.008
83 7 537.008
7 84 767.361
84 7 767.361
7 85 1123.22
85 7 1123.22
7 86 316.861
86 7 316.861
7 87 186.175
87 7 186.175
7 88 679.148
88 7 679.148
7 89 186.393
89 7 186.393
7 90 873.411
90 7 873.411
7 91 1122.47
91 7 1122.47
7 92 1128.17
92 7 1128.17
7 93 798.953
93 7 798.953
7 94 650.47
94 7 650.47
7 95 1081.49
95 7 1081.49
7 96 854.937
96 7 854.937
7 97 139.445
97 7 139.445
7 98 364.89
98 7 364.89
7 99 411.054
99 7 411.054
7 100 1001.27
100 7 1001.27
7 101 979.374
101 7 979.374
7 102 824.868
102 7 824.868
7 103 1467.25
103 7 1467.25
7 104 702.674
104 7 702.674
7 105 515.714
105 7 515.714
7 106 199.867
106 7 199.867
7 107 911.164
107 7 911.164
7 108 261.861
108 7 261.861
7 109 1306.28
109 7 1306.28
7 110 469.109
110 7 469.109
7 111 409.863
111 7 409.863
7 112 400.153
112 7 400.153
7 113 100.119
113 7 100.119
7 114 1003.57
114 7 1003.57
7 115 1347.94
115 7 1347.94
7 116 1083.18
116 7 1083.18
7 117 868.786
117 7 868.786
7 118 923.708
118 7 923.708
7 119 833.851
119 7 833.851
7 120 1953.46
120 7 1953.46
7 121 905.752
121 7 905.752
7 122 543.547
122 7 543.547
7 123 708.408
123 7 708.408
7 124 421.461
124 7 421.461
7 125 671.982
125 7 671.982
7 126 201.769
126 7 201.769
8 9 1079.7
9 8 1079.7
8 10 931.68
10 8 931.68
8 11 544.762
11 8 544.762
8 12 617.461
12 8 617.461
8 13 769.774
13 8 769.774
8 14 677.898
14 8 677.898
8 15 1136.7
15 8 1136.7
8 16 190.866
16 8 190.866
8 17 322.81
17 8 322.81
8 18 449.959
18 8 449.959
8 19 367.836
19 8 367.836
8 20 750.838
20 8 750.838
8 21 665.788
21 8 665.788
8 22 614.546
22 8 614.546
8 23 1034.98
23 8 1034.98
8 24 460.123
24 8 460.123
8 25 432.919
25 8 432.919
8 26 150.351
26 8 150.351
8 27 828.924
27 8 828.924
8 28 556.778
28 8 556.778
8 29 908.192
29 8 908.192
8 30 1095.99
30 8 1095.99
8 31 897.886
31 8 897.886
8 32 885.25
32 8 885.25
8 33 1110.54
33 8 1110.54
8 34 650.101
34 8 650.101
8 35 1001.73
35 8 1001.73
8 36 1200.14
36 8 1200.14
8 37 709.021
37 8 709.021
8 38 514.834
38 8 514.834
8 39 1290.85
39 8 1290.85
8 40 152.787
40 8 152.787
8 41 788.037
41 8 788.037
8 42 334.843
42 8 334.843
8 43 912.774
43 8 912.774
8 44 1021.37
44 8 1021.37
8 45 1204.08
45 8 1204.08
8 46 317.343
46 8 317.343
8 47 368.32
47 8 368.32
8 48 523.236
48 8 523.236
8 49 414.278
49 8 414.278
8 50 318.803
50 8 318.803
8 51 410.086
51 8 410.086
8 52 455.242
52 8 455.242
8 53 313.194
53 8 313.194
8 54 259.95
54 8 259.95
8 55 1028.17
55 8 1028.17
8 56 233.991
56 8 233.991
8 57 690.845
57 8 690.845
8 58 1060.01
58 8 1060.01
8 59 679.339
59 8 679.339
8 60 1095.31
60 8 1095.31
8 61 785.466
61 8 785.466
8 62 637.412
62 8 637.412
8 63 825.374
63 8 825.374
8 64 853.571
64 8 853.571
8 65 1380.92
65 8 1380.92
8 66 1387.11
66 8 1387.11
8 67 1283.41
67 8 1283.41
8 68 1233.76
68 8 1233.76
8 69 764.296
69 8 764.296
8 70 429.596
70 8 429.596
8 71 611.988
71 8 611.988
8 72 908.408
72 8 908.408
8 73 922.28
73 8 922.28
8 74 124.821
74 8 124.821
8 75 602.331
75 8 602.331
8 76 441.448
76 8 441.448
8 77 717.556
77 8 717.556
8 78 879.12
78 8 879.12
8 79 1880.96
79 8 1880.96
8 80 1570.45
80 8 1570.45
8 81 1259.19
81 8 1259.19
8 82 1162.01
82 8 1162.01
8 83 584.359
83 8 584.359
8 84 783.736
84 8 783.736
8 85 1571.99
85 8 1571.99
8 86 677.452
86 8 677.452
8 87 557.452
87 8 557.452
8 88 1070.9
88 8 1070.9
8 89 874.143
89 8 874.143
8 90 1084.86
90 8 1084.86
8 91 258.75
91 8 258.75
8 92 406.881
92 8 406.881
8 93 658.845
93 8 658.845
8 94 109.781
94 8 109.781
8 95 495.635
95 8 495.635
8 96 874.267
96 8 874.267
8 97 823.624
97 8 823.624
8 98 478.403
98 8 478.403
8 99 491.404
99 8 491.404
8 100 573.613
100 8 573.613
8 101 859.105
101 8 859.105
8 102 442.852
102 8 442.852
8 103 993.637
103 8 993.637
8 104 837.74
104 8 837.74
8 105 784.151
105 8 784.151
8 106 869.579
106 8 869.579
8 107 736.928
107 8 736.928
8 108 512.15
108 8 512.15
8 109 375.431
109 8 375.431
8 110 807.304
110 8 807.304
8 111 931.955
111 8 931.955
8 112 1062.03
112 8 1062.03
8 113 692.915
113 8 692.915
8 114 263.847
114 8 263.847
8 115 1200.18
115 8 1200.18
8 116 1056.9
116 8 1056.9
8 117 591.494
117 8 591.494
8 118 515.927
118 8 515.927
8 119 375.304
119 8 375.304
8 120 713.262
120 8 713.262
8 121 645.596
121 8 645.596
8 122 402.594
122 8 402.594
8 123 1028.51
123 8 1028.51
8 124 495.527
124 8 495.527
8 125 490.996
125 8 490.996
8 126 564.244
126 8 564.244
9 10 145.601
10 9 145.601
9 11 487.421
11 9 487.421
9 12 485.229
12 9 485.229
9 13 279.837
13 9 279.837
9 14 399.874
14 9 399.874
9 15 205.545
15 9 205.545
9 16 1137.66
16 9 1137.66
9 17 718.163
17 9 718.163
9 18 621.659
18 9 621.659
9 19 731.85
19 9 731.85
9 20 1644.97
20 9 1644.97
9 21 1496.97
21 9 1496.97
9 22 1340.87
22 9 1340.87
9 23 304.959
23 9 304.959
9 24 1309.63
24 9 1309.63
9 25 1018.85
25 9 1018.85
9 26 915.254
26 9 915.254
9 27 314.011
27 9 314.011
9 28 486.846
28 9 486.846
9 29 309.582
29 9 309.582
9 30 301.435
30 9 301.435
9 31 467.221
31 9 467.221
9 32 716.145
32 9 716.145
9 33 533.418
33 9 533.418
9 34 520.996
34 9 520.996
9 35 480.566
35 9 480.566
9 36 579.306
36 9 579.306
9 37 765.698
37 9 765.698
9 38 744.958
38 9 744.958
9 39 520.751
39 9 520.751
9 40 1226.47
40 9 1226.47
9 41 330.086
41 9 330.086
9 42 1189.1
42 9 1189.1
9 43 329.343
43 9 329.343
9 44 479.192
44 9 479.192
9 45 327.82
45 9 327.82
9 46 1306.37
46 9 1306.37
9 47 1065.07
47 9 1065.07
9 48 1584.94
48 9 1584.94
9 49 1306.72
49 9 1306.72
9 50 1367.63
50 9 1367.63
9 51 1539.61
51 9 1539.61
9 52 1600.42
52 9 1600.42
9 53 1483.46
53 9 1483.46
9 54 1397.95
54 9 1397.95
9 55 2060.48
55 9 2060.48
9 56 836.297
56 9 836.297
9 57 652.201
57 9 652.201
9 58 566.553
58 9 566.553
9 59 388.992
59 9 388.992
9 60 376.437
60 9 376.437
9 61 1596.94
61 9 1596.94
9 62 1405.53
62 9 1405.53
9 63 1303.28
63 9 1303.28
9 64 489.695
64 9 489.695
9 65 423.418
65 9 423.418
9 66 382.084
66 9 382.084
9 67 231.957
67 9 231.957
9 68 300.648
68 9 300.648
9 69 377.03
69 9 377.03
9 70 1451.86
70 9 1451.86
9 71 1630.4
71 9 1630.4
9 72 212.869
72 9 212.869
9 73 1780.37
73 9 1780.37
9 74 1216.83
74 9 1216.83
9 75 1208.47
75 9 1208.47
9 76 755.973
76 9 755.973
9 77 577.919
77 9 577.919
9 78 751.161
78 9 751.161
9 79 862.232
79 9 862.232
9 80 587.746
80 9 587.746
9 81 250.179
81 9 250.179
9 82 78.4452
82 9 78.4452
9 83 1424.46
83 9 1424.46
9 84 284.231
84 9 284.231
9 85 493.093
85 9 493.093
9 86 1278.07
86 9 1278.07
9 87 897.774
87 9 897.774
9 88 419.337
88 9 419.337
9 89 904.15
89 9 904.15
9 90 174.383
90 9 174.383
9 91 1401.18
91 9 1401.18
9 92 1617.23
92 9 1617.23
9 93 386.464
93 9 386.464
9 94 1080.21
94 9 1080.21
9 95 1697.32
95 9 1697.32
9 96 1817.89
96 9 1817.89
9 97 1139.63
97 9 1139.63
9 98 1190.06
98 9 1190.06
9 99 697.878
99 9 697.878
9 100 571.21
100 9 571.21
9 101 241.766
101 9 241.766
9 102 639.529
102 9 639.529
9 103 560.565
103 9 560.565
9 104 1678.61
104 9 1678.61
9 105 481.267
105 9 481.267
9 106 1202.74
106 9 1202.74
9 107 1777.39
107 9 1777.39
9 108 862.533
108 9 862.533
9 109 1568.31
109 9 1568.31
9 110 532.706
110 9 532.706
9 111 644.862
111 9 644.862
9 112 783.01
112 9 783.01
9 113 928.682
113 9 928.682
9 114 1433.78
114 9 1433.78
9 115 342.837
115 9 342.837
9 116 122.746
116 9 122.746
9 117 472.651
117 9 472.651
9 118 1635.85
118 9 1635.85
9 119 1471.63
119 9 1471.63
9 120 1262.27
120 9 1262.27
9 121 1723.87
121 9 1723.87
9 122 1286.68
122 9 1286.68
9 123 342.444
123 9 342.444
9 124 1261.79
124 9 1261.79
9 125 1457.16
125 9 1457.16
9 126 1080.47
126 9 1080.47
10 11 360.864
11 10 360.864
10 12 338.935
12 10 338.935
10 13 194.23
13 10 194.23
10 14 295.282
14 10 295.282
10 15 287.447
15 10 287.447
10 16 980.949
16 10 980.949
10 17 587.016
17 10 587.016
10 18 474.509
18 10 474.509
10 19 583.057
19 10 583.057
10 20 1487.07
20 10 1487.07
10 21 1341.99
21 10 1341.99
10 22 1188.58
22 10 1188.58
10 23 342.342
23 10 342.342
10 24 1153.06
24 10 1153.06
10 25 883.317
25 10 883.317
10 26 766.686
26 10 766.686
10 27 265.094
27 10 265.094
10 28 353.917
28 10 353.917
10 29 202.107
29 10 202.107
10 30 269.861
30 10 269.861
10 31 361.586
31 10 361.586
10 32 602.177
32 10 602.177
10 33 474.935
33 10 474.935
10 34 394.23
34 10 394.23
10 35 399.809
35 10 399.809
10 36 534.264
36 10 534.264
10 37 650.582
37 10 650.582
10 38 613.556
38 10 613.556
10 39 494.703
39 10 494.703
10 40 1066.54
40 10 1066.54
10 41 203.686
41 10 203.686
10 42 1045.37
42 10 1045.37
10 43 314.71
43 10 314.71
10 44 495.083
44 10 495.083
10 45 337.042
45 10 337.042
10 46 1146.53
46 10 1146.53
10 47 912.541
47 10 912.541
10 48 1412.47
48 10 1412.47
10 49 1146.58
49 10 1146.58
10 50 1200.09
50 10 1200.09
10 51 1369.63
51 10 1369.63
10 52 1431.1
52 10 1431.1
10 53 1323.24
53 10 1323.24
10 54 1241.08
54 10 1241.08
10 55 1896.04
55 10 1896.04
10 56 686.688
56 10 686.688
10 57 589.683
57 10 589.683
10 58 491.06
58 10 491.06
10 59 242.157
59 10 242.157
10 60 422.204
60 10 422.204
10 61 1443.59
61 10 1443.59
10 62 1270.17
62 10 1270.17
10 63 1164.63
63 10 1164.63
10 64 451.707
64 10 451.707
10 65 535.129
65 10 535.129
10 66 505.038
66 10 505.038
10 67 367.139
67 10 367.139
10 68 402.548
68 10 402.548
10 69 311.16
69 10 311.16
10 70 1301.67
70 10 1301.67
10 71 1481.15
71 10 1481.15
10 72 103.824
72 10 103.824
10 73 1645.85
73 10 1645.85
10 74 1056.15
74 10 1056.15
10 75 1078.38
75 10 1078.38
10 76 648.301
76 10 648.301
10 77 444.152
77 10 444.152
10 78 654.672
78 10 654.672
10 79 909.526
79 10 909.526
10 80 639.876
80 10 639.876
10 81 319.755
81 10 319.755
10 82 223.422
82 10 223.422
10 83 1268.64
83 10 1268.64
10 84 138.312
84 10 138.312
10 85 578.011
85 10 578.011
10 86 1150.34
86 10 1150.34
10 87 770.873
87 10 770.873
10 88 382.756
88 10 382.756
10 89 805.718
89 10 805.718
10 90 169.981
90 10 169.981
10 91 1238.83
91 10 1238.83
10 92 1451.61
92 10 1451.61
10 93 254.357
93 10 254.357
10 94 933.367
94 10 933.367
10 95 1523.41
95 10 1523.41
10 96 1676.71
96 10 1676.71
10 97 1006.46
97 10 1006.46
10 98 1053.77
98 10 1053.77
10 99 550.879
99 10 550.879
10 100 472.911
100 10 472.911
10 101 180.719
101 10 180.719
10 102 514.47
102 10 514.47
10 103 554.488
103 10 554.488
10 104 1542.85
104 10 1542.85
10 105 354.781
105 10 354.781
10 106 1092.32
106 10 1092.32
10 107 1612.03
107 10 1612.03
10 108 716.229
108 10 716.229
10 109 1391.33
109 10 1391.33
10 110 411.131
110 10 411.131
10 111 559.531
111 10 559.531
10 112 713.169
112 10 713.169
10 113 810.357
113 10 810.357
10 114 1273.29
114 10 1273.29
10 115 425.07
115 10 425.07
10 116 184.59
116 10 184.59
10 117 363.088
117 10 363.088
10 118 1467.42
118 10 1467.42
10 119 1317.13
119 10 1317.13
10 120 1223.22
120 10 1223.22
10 121 1571.05
121 10 1571.05
10 122 1142.5
122 10 1142.5
10 123 281.373
123 10 281.373
10 124 1107.98
124 10 1107.98
10 125 1296.82
125 10 1296.82
10 126 951.759
126 10 951.759
11 12 147.728
12 11 147.728
11 13 237.233
13 11 237.233
11 14 203.625
14 11 203.625
11 15 559.97
15 11 559.97
11 16 619.579
16 11 619.579
11 17 225.38
17 11 225.38
11 18 158.409
18 11 158.409
11 19 259.208
19 11 259.208
11 20 1168.78
20 11 1168.78
11 21 1037.37
21 11 1037.37
11 22 897.476
22 11 897.476
11 23 515.766
23 11 515.766
11 24 826.215
24 11 826.215
11 25 574.46
25 11 574.46
11 26 391.832
26 11 391.832
11 27 333.525
27 11 333.525
11 28 92.0908
28 11 92.0908
11 29 358.791
29 11 358.791
11 30 526.693
30 11 526.693
11 31 408.22
31 11 408.22
11 32 546.214
32 11 546.214
11 33 601.864
33 11 601.864
11 34 245.189
34 11 245.189
11 35 488.317
35 11 488.317
11 36 677.801
36 11 677.801
11 37 486.588
37 11 486.588
11 38 366.012
38 11 366.012
11 39 714.95
39 11 714.95
11 40 679.656
40 11 679.656
11 41 238.279
41 11 238.279
11 42 705.959
42 11 705.959
11 43 423.339
43 11 423.339
11 44 566.111
44 11 566.111
11 45 598.29
45 11 598.29
11 46 783.097
46 11 783.097
11 47 601.403
47 11 601.403
11 48 903.051
48 11 903.051
11 49 701.948
49 11 701.948
11 50 743.356
50 11 743.356
11 51 877.748
51 11 877.748
11 52 1028.58
52 11 1028.58
11 53 894.88
53 11 894.88
11 54 835.017
54 11 835.017
11 55 1551.16
55 11 1551.16
11 56 333.442
56 11 333.442
11 57 456.801
57 11 456.801
11 58 572.736
58 11 572.736
11 59 139.451
59 11 139.451
11 60 584.262
60 11 584.262
11 61 1151.07
61 11 1151.07
11 62 975.758
62 11 975.758
11 63 938.031
63 11 938.031
11 64 446.173
64 11 446.173
11 65 799.905
65 11 799.905
11 66 793.465
66 11 793.465
11 67 685.483
67 11 685.483
11 68 665.564
68 11 665.564
11 69 304.407
69 11 304.407
11 70 922.094
70 11 922.094
11 71 1123.8
71 11 1123.8
11 72 327.374
72 11 327.374
11 73 1349.85
73 11 1349.85
11 74 643.27
74 11 643.27
11 75 812.603
75 11 812.603
11 76 362.098
76 11 362.098
11 77 339.805
77 11 339.805
11 78 558.848
78 11 558.848
11 79 1212.4
79 11 1212.4
11 80 937.931
80 11 937.931
11 81 646.166
81 11 646.166
11 82 562.474
82 11 562.474
11 83 955.726
83 11 955.726
11 84 224.807
84 11 224.807
11 85 916.367
85 11 916.367
11 86 892.694
86 11 892.694
11 87 538.303
87 11 538.303
11 88 526.351
88 11 526.351
11 89 670.354
89 11 670.354
11 90 496.675
90 11 496.675
11 91 786.099
91 11 786.099
11 92 1010.36
92 11 1010.36
11 93 131.24
93 11 131.24
11 94 552.145
94 11 552.145
11 95 1100.31
95 11 1100.31
11 96 1333.38
96 11 1333.38
11 97 813.92
97 11 813.92
11 98 737.895
98 11 737.895
11 99 288.471
99 11 288.471
11 100 289.672
100 11 289.672
11 101 323.793
101 11 323.793
11 102 224.453
102 11 224.453
11 103 577.764
103 11 577.764
11 104 1243.33
104 11 1243.33
11 105 330.247
105 11 330.247
11 106 898.903
106 11 898.903
11 107 1252.35
107 11 1252.35
11 108 462.103
108 11 462.103
11 109 917.99
109 11 917.99
11 110 367.145
110 11 367.145
11 111 516.694
111 11 516.694
11 112 686.188
112 11 686.188
11 113 617.406
113 11 617.406
11 114 847.425
114 11 847.425
11 115 652.436
115 11 652.436
11 116 488.292
116 11 488.292
11 117 165.652
117 11 165.652
11 118 1075.82
118 11 1075.82
11 119 917.812
119 11 917.812
11 120 1014.19
120 11 1014.19
11 121 1198.68
121 11 1198.68
11 122 803.672
122 11 803.672
11 123 470.101
123 11 470.101
11 124 801.853
124 11 801.853
11 125 949.479
125 11 949.479
11 126 697.437
126 11 697.437
12 13 308.597
13 12 308.597
12 14 325.736
14 12 325.736
12 15 607.126
15 12 607.126
12 16 647.259
16 12 647.259
12 17 344.249
17 12 344.249
12 18 155.391
18 12 155.391
12 19 251.766
19 12 251.766
12 20 1135.92
20 12 1135.92
12 21 978.782
21 12 978.782
12 22 851.373
22 12 851.373
12 23 602.608
23 12 602.608
12 24 808.278
24 12 808.278
12 25 534.471
25 12 534.471
12 26 479.852
26 12 479.852
12 27 432.969
27 12 432.969
12 28 232.624
28 12 232.624
12 29 256.027
29 12 256.027
12 30 435.555
30 12 435.555
12 31 270.683
31 12 270.683
12 32 399.278
32 12 399.278
12 33 468.364
33 12 468.364
12 34 100.782
34 12 100.782
12 35 374.587
35 12 374.587
12 36 544.194
36 12 544.194
12 37 358.402
37 12 358.402
12 38 275.123
38 12 275.123
12 39 595.551
39 12 595.551
12 40 738.158
40 12 738.158
12 41 163.666
41 12 163.666
12 42 691.166
42 12 691.166
12 43 519.533
43 12 519.533
12 44 700.778
44 12 700.778
12 45 510.4
45 12 510.4
12 46 791.713
46 12 791.713
12 47 561.135
47 12 561.135
12 48 1142.77
48 12 1142.77
12 49 902.886
49 12 902.886
12 50 923.321
50 12 923.321
12 51 1073
51 12 1073
12 52 1076.11
52 12 1076.11
12 53 974.693
53 12 974.693
12 54 895.325
54 12 895.325
12 55 1507.98
55 12 1507.98
12 56 368.95
56 12 368.95
12 57 633.139
57 12 633.139
12 58 432.245
58 12 432.245
12 59 119.815
59 12 119.815
12 60 674.156
60 12 674.156
12 61 1101.99
61 12 1101.99
12 62 911.404
62 12 911.404
12 63 838.594
63 12 838.594
12 64 593.803
64 12 593.803
12 65 862.655
65 12 862.655
12 66 841.754
66 12 841.754
12 67 709.513
67 12 709.513
12 68 722.747
68 12 722.747
12 69 417.042
69 12 417.042
12 70 938.076
70 12 938.076
12 71 1107.68
71 12 1107.68
12 72 284.661
72 12 284.661
12 73 1278
